-20.0,  6.0,  -50.0	// 1	wave1
-20.0,  7.0,  -51.0	// 2
-20.0,  8.0,  -52.0	// 3
-20.0,  9.0,  -70.0	// 4	wave2
-20.0, 10.0,  -70.0	// 5
-20.0, 11.0,  -70.0	// 6	
-20.0,  5.0, -100.0	// 7	wave3
-20.0,  6.5, -100.0	// 8
-20.0,  8.5, -110.0	// 9	wave4
-20.0,  9.5, -110.0	// 10
-20.0,  8.5, -110.0	// 11
-20.0, 11.0, -140.0	// 12	wave5
-20.0, 10.0, -140.0	// 13
-20.0,  6.5, -140.0	// 14
-20.0,  7.5, -140.0	// 15
-20.0, 10.5, -172.0	// 16	wave6
-20.0,  9.5, -171.0	// 17
-20.0,  8.5, -170.0	// 18
-20.0,  7.5, -171.0	// 19
-20.0,  6.5, -172.0	// 20


